0.0 0.0043178400076330815
1e-10 0.005368416879448605
2e-10 0.006645011282741404
3e-10 0.00818870101437409
4e-10 0.01004625294236413
5e-10 0.01227052105297827
6e-10 0.014920786069067856
7e-10 0.018063013419781275
7.999999999999999e-10 0.021770003951548364
8.999999999999999e-10 0.026121409853918247
9.999999999999999e-10 0.03120358701884912
1.1e-09 0.03710925465390492
1.2e-09 0.043936933623407434
1.3e-09 0.0517901368806735
1.4000000000000001e-09 0.06077628863962424
1.5000000000000002e-09 0.07100535373963704
1.6000000000000003e-09 0.08258816505811499
1.7000000000000003e-09 0.09563444483253869
1.8000000000000004e-09 0.11025052530448537
1.9000000000000005e-09 0.1265367850442719
2.0000000000000005e-09 0.14458482941715728
2.1000000000000006e-09 0.1644744565771551
2.2000000000000007e-09 0.18627046369770112
2.3000000000000007e-09 0.2100193613613884
2.400000000000001e-09 0.23574607655586383
2.500000000000001e-09 0.26345073593225704
2.600000000000001e-09 0.29310563022459907
2.700000000000001e-09 0.3246524673583502
2.800000000000001e-09 0.35800002518860014
2.900000000000001e-09 0.39302231447550956
3.0000000000000012e-09 0.4295573582107397
3.1000000000000013e-09 0.4674066844856195
3.2000000000000014e-09 0.5063356166481012
3.3000000000000014e-09 0.5460744266397101
3.4000000000000015e-09 0.5863203954586992
3.5000000000000016e-09 0.6267407992029937
3.6000000000000016e-09 0.6669768108584752
3.7000000000000017e-09 0.7066482778577171
3.800000000000002e-09 0.7453593045429813
3.900000000000002e-09 0.7827045382418689
4.000000000000002e-09 0.81827602898355
4.100000000000002e-09 0.8516705072294417
4.200000000000002e-09 0.8824969025845961
4.300000000000002e-09 0.9103839103891429
4.400000000000002e-09 0.9349874032704537
4.500000000000002e-09 0.9559974818331004
4.600000000000002e-09 0.9731449630580514
4.700000000000002e-09 0.9862071167439165
4.8000000000000024e-09 0.9950124791926825
4.9000000000000025e-09 0.9994445987368582
5.0000000000000026e-09 0.9994445987368581
5.100000000000003e-09 0.9950124791926821
5.200000000000003e-09 0.9862071167439159
5.300000000000003e-09 0.9731449630580505
5.400000000000003e-09 0.9559974818330993
5.500000000000003e-09 0.9349874032704524
5.600000000000003e-09 0.9103839103891415
5.700000000000003e-09 0.8824969025845943
5.800000000000003e-09 0.8516705072294398
5.900000000000003e-09 0.818276028983548
6.000000000000003e-09 0.7827045382418668
6.100000000000003e-09 0.745359304542979
6.200000000000003e-09 0.7066482778577148
6.3000000000000035e-09 0.6669768108584729
6.4000000000000035e-09 0.6267407992029914
6.500000000000004e-09 0.5863203954586969
6.600000000000004e-09 0.5460744266397077
6.700000000000004e-09 0.506335616648099
6.800000000000004e-09 0.4674066844856173
6.900000000000004e-09 0.4295573582107376
7.000000000000004e-09 0.3930223144755075
7.100000000000004e-09 0.35800002518859814
7.200000000000004e-09 0.3246524673583483
7.300000000000004e-09 0.29310563022459735
7.400000000000004e-09 0.2634507359322554
7.500000000000004e-09 0.23574607655586227
7.600000000000004e-09 0.21001936136138719
7.700000000000003e-09 0.1862704636977002
7.800000000000002e-09 0.1644744565771544
7.900000000000001e-09 0.1445848294171568
8e-09 0.12653678504427163
8.1e-09 0.11025052530448522
8.199999999999999e-09 0.09563444483253869
8.299999999999998e-09 0.08258816505811506
8.399999999999997e-09 0.07100535373963723
8.499999999999997e-09 0.060776288639624455
8.599999999999996e-09 0.05179013688067375
8.699999999999995e-09 0.043936933623407746
8.799999999999994e-09 0.03710925465390523
8.899999999999994e-09 0.03120358701884941
8.999999999999993e-09 0.026121409853918545
9.099999999999992e-09 0.021770003951548655
9.199999999999991e-09 0.018063013419781563
9.29999999999999e-09 0.014920786069068107
9.39999999999999e-09 0.01227052105297849
9.499999999999989e-09 0.010046252942364334
9.599999999999988e-09 0.008188701014374272
9.699999999999988e-09 0.00664501128274157